%YAML:1.0
cam0:
  cam_overlaps: [1, 2, 3, 4]
  camera_model: pinhole
  distortion_coeffs: [-0.21885064424496958, 0.2410536575038145, 0.00046415310494561044, 0.0009307765520526319]
  distortion_model: radtan
  intrinsics: [ 889.563290316852, 890.0746436168839, 372.5719632810755, 281.37647141718685]
  resolution: [720, 540]
  rostopic: /camera_array/cam0/image_raw
cam1:
  T_cn_cnm1:
    - [0.9999319012012944, -0.010541223644698186, 0.0050075507024099205, -0.16477402502853067]
    - [0.0104596828830191, 0.9998166426941514, 0.01603982623914806, -0.0013347121665484654]
    - [-0.005175711927013185, -0.01598635655388188, 0.9998588142383806, 0.0010025236082949844]
    - [0.0, 0.0, 0.0, 1.0]
  cam_overlaps: [0, 2, 3, 4]
  camera_model: pinhole
  distortion_coeffs: [-0.21391880511879832, 0.24293509542886318, 0.000810015582157452, 0.0013318228828393473]
  distortion_model: radtan
  intrinsics: [891.5299601701228, 892.0352171803092, 381.58461763093493, 273.97341245103576]
  resolution: [720, 540]
  rostopic: /camera_array/cam1/image_raw
cam2:
  T_cn_cnm1:
    - [0.9999671440990324, 0.007341153409633072, -0.0034377593056806608, -0.1655786426344912]
    - [-0.007337930124069653, 0.9999726264414879, 0.0009492887914181229, -0.001114356444954272]
    - [0.0034446340766229972, -0.000924031564111, 0.9999936403106519, 0.000310147327359811]
    - [0.0, 0.0, 0.0, 1.0]
  cam_overlaps: [0, 1, 3, 4]
  camera_model: pinhole
  distortion_coeffs: [-0.20118103039786672, 0.1271132082960252, 0.0025179473997906814, -6.975593672858932e-05]
  distortion_model: radtan
  intrinsics: [889.290678506305, 889.8621764706733, 375.8877766705681, 280.75320878077156]
  resolution: [720, 540]
  rostopic: /camera_array/cam2/image_raw
cam3:
  T_cn_cnm1:
    - [0.9998873571089462, -0.003643634887046648, 0.014560117392918535, -0.16480420944054144]
    - [0.0032704587044315, 0.9996676293287203, 0.025572152278555735, -0.0006984065790356586]
    - [-0.014648453623105,-0.02552165349472741, 0.9995669402342925, 0.00234325317006322]
    - [0.0, 0.0, 0.0, 1.0]
  cam_overlaps: [0, 1, 2, 4]
  camera_model: pinhole
  distortion_coeffs: [-0.19363790937380654, 0.08165458623530929, 0.0013699481680648786, 0.00040654518905096864]
  distortion_model: radtan
  intrinsics: [889.5398463317027, 889.8606546679766, 366.4517335609714, 295.892880379859]
  resolution: [720, 540]
  rostopic: /camera_array/cam3/image_raw
cam4:
  T_cn_cnm1: 
    - [0.9998464165499777, 0.012600521364757021, -0.012180729596359307, -0.16638135994397243]
    - [-0.012881381222174, 0.9996464341974726, -0.02326105358925236, -0.0016771601633387388]
    - [0.0118833215042061, 0.02341438569788596, 0.9996552171686062, 0.0011157653517210814]
    - [0.0, 0.0, 0.0, 1.0]
  cam_overlaps: [ 0, 1, 2, 3]
  camera_model: pinhole
  distortion_coeffs: [ -0.19695456100815334, 0.10777972484733667, 0.001315162911029086, 0.00048520892759210176]
  distortion_model: radtan
  intrinsics: [891.3663281750842, 891.806984193875, 383.78463614686814, 271.85215144562017]
  resolution: [ 720, 540]
  rostopic: /camera_array/cam4/image_raw
