%YAML:1.0
cam0:
  cam_overlaps: [1, 2, 3, 4]
  camera_model: pinhole
  distortion_coeffs: [-0.03116674317579859, 0.5005703117394807, -7.691057047799489,
    41.71286545440132]
  distortion_model: equidistant
  intrinsics: [1888.4451558202136, 1888.4000949073984, 613.1897651359767, 482.1189409211585]
  resolution: [1224, 1024]
  rostopic: /camera_array/cam0/image_raw
cam1:
  T_cn_cnm1:
    - [0.9998592131007749, 0.002133118917412371, 0.016643430570987196, -0.3288878477162784]
    - [-0.00239350215916554, 0.9998748134921127, 0.015640603937018157, -0.0013499051732346753]
    - [-0.01660798376989704, -0.01567823803189553, 0.9997391498422485, -0.004532360112350092]
    - [0.0, 0.0, 0.0, 1.0]
  cam_overlaps: [0, 2, 3, 4]
  camera_model: pinhole
  distortion_coeffs: [-0.10081622359739374, 2.439006534341921, -26.79128779289829,
    101.51121325978683]
  distortion_model: equidistant
  intrinsics: [1868.5741276186334, 1869.70165954517, 573.2247250514644, 460.0106709634189]
  resolution: [1224, 1024]
  rostopic: /camera_array/cam1/image_raw
cam2:
  T_cn_cnm1:
    - [0.9999892940815248, -0.002592678557379199, -0.00383271968941469, -0.32756229738051773]
    - [0.0025289584727104263, 0.9998600449211847, -0.01653768240219191, -0.003266981895313704]
    - [0.0038750601753814186, 0.01652781256218039, 0.9998558972774689, -0.0006812730864062455]
    - [0.0, 0.0, 0.0, 1.0]
  cam_overlaps: [0, 1, 3, 4]
  camera_model: pinhole
  distortion_coeffs: [0.010760435629327297, -0.3104600875594977, 5.609797895723605,
    -33.502915604420494]
  distortion_model: equidistant
  intrinsics: [1865.4427759849775, 1867.286368213901, 568.6075566042924, 464.6943881575174]
  resolution: [1224, 1024]
  rostopic: /camera_array/cam2/image_raw
cam3:
  T_cn_cnm1:
    - [0.9988682224901434, -0.021976701992009164, 0.042181733830450666, -0.32591833000069453]
    - [0.022053733418080514, 0.9997558595686804, -0.0013616535611024343, -0.008957132510459966]
    - [-0.04214151090923063, 0.0022903771852349417, 0.99910902669861, 0.019628154680586117]
    - [0.0, 0.0, 0.0, 1.0]
  cam_overlaps: [0, 1, 2, 4]
  camera_model: pinhole
  distortion_coeffs: [-0.022926541378004116, 0.14091992197485317, 1.8049174879797838,
    -34.037255942233436]
  distortion_model: equidistant
  intrinsics: [1863.3629117735786, 1865.7245894818884, 534.2117837491189, 460.3361772979548]
  resolution: [1224, 1024]
  rostopic: /camera_array/cam3/image_raw
cam4:
  T_cn_cnm1:
    - [0.9996926499920917, 0.019217403179691218, -0.015661959226556596, -0.32759300638886485]
    - [-0.01933084237488526, 0.999787760714163, -0.007124047952733732, -0.0027378517827762027]
    - [0.015521729441736435, 0.007424617241629581, 0.9998519645297241, 0.008781212367448794]
    - [0.0, 0.0, 0.0, 1.0]
  cam_overlaps: [0, 1, 2, 3]
  camera_model: pinhole
  distortion_coeffs: [0.016390178531754868, -1.4754512512689673, 18.71725913374861,
    -62.34873697139695]
  distortion_model: equidistant
  intrinsics: [1872.8547150148454, 1879.2322101560944, 552.5909676212992, 473.0268557063365]
  resolution: [1224, 1024]
  rostopic: /camera_array/cam4/image_raw
